DataTime           	dB(A)	16	20	25	31.5	40	50	63	80	100	125	160	200	250	315	400	500	630	800	1000	1250	1600	2000	2500	3150	4000	5000	6300	8000	10000	12500	16000	20000
2025/01/22 20:40:54	42.3	0.4	-8.5	-1.4	0.5	7.2	10.2	15.0	17.5	27.5	24.9	25.8	28.6	28.9	29.9	37.3	33.6	29.6	30.1	28.4	30.0	33.9	36.5	38.9	38.8	42.5	45.5	52.5	57.6	53.3	41.4	39.1	39.6
2025/01/22 20:40:55	42.2	-7.3	-3.9	0.3	-0.5	2.5	6.6	12.3	14.1	27.0	23.1	22.4	20.9	22.5	27.1	25.1	25.4	24.6	25.9	25.6	27.1	27.0	27.9	28.7	28.2	29.1	30.1	32.1	37.9	32.9	27.7	27.4	27.1
2025/01/22 20:40:56	86.1	-10.4	-4.4	1.9	1.0	10.9	23.0	31.7	42.4	48.2	48.2	52.7	62.7	70.5	67.8	76.3	74.3	72.0	75.1	66.2	75.7	76.8	70.9	68.4	65.2	66.2	68.1	69.7	75.1	64.9	42.4	30.3	29.5
2025/01/22 20:40:57	80.9	-8.5	-3.4	0.4	-1.0	0.4	5.4	14.4	25.4	31.0	43.1	53.3	59.5	68.1	67.7	71.3	69.5	71.6	68.2	66.8	73.3	72.0	75.8	72.5	77.6	78.1	78.1	80.9	87.9	76.2	54.2	36.8	36.7
2025/01/22 20:40:58	89.5	-13.6	-7.8	-3.7	-4.7	0.5	5.9	13.2	21.1	43.0	50.7	49.7	68.1	68.1	67.5	67.3	84.1	72.0	70.1	71.2	74.4	71.4	70.9	70.8	67.5	70.1	71.5	73.5	80.6	71.0	49.1	32.7	31.9
2025/01/22 20:40:59	100.7	1.7	-8.1	-2.0	-2.5	0.5	5.7	13.8	21.2	43.3	42.7	49.2	64.5	70.8	68.8	70.8	79.1	68.8	75.4	72.8	73.9	75.1	77.3	75.2	76.9	77.7	79.6	81.8	91.1	81.5	67.6	45.4	28.1
2025/01/22 20:41:00	83.0	-5.9	-7.9	-1.7	-3.0	-1.8	2.6	14.1	23.2	26.1	31.5	52.4	68.3	71.8	68.5	68.9	74.6	68.7	72.8	69.8	71.2	75.8	69.6	69.6	66.7	68.2	69.6	71.7	78.6	67.6	47.7	29.9	29.1
2025/01/22 20:41:01	79.9	7.6	-5.6	-2.9	-2.3	-2.5	3.4	10.2	18.4	42.8	39.4	55.1	64.7	63.7	68.7	58.0	85.6	73.6	63.8	70.5	68.8	72.3	69.3	68.4	71.3	69.9	71.6	72.6	79.6	69.1	47.8	30.1	29.5
2025/01/22 20:41:02	94.1	-1.6	-8.1	-3.3	-2.9	-0.1	5.5	12.5	23.0	41.0	41.6	55.0	59.9	61.1	67.1	78.9	84.4	76.0	72.2	71.9	76.2	74.6	76.6	72.6	74.9	75.0	74.2	76.0	82.6	71.0	49.8	32.9	34.2
2025/01/22 20:41:03	81.3	-3.2	-4.2	-2.4	-5.4	-2.4	3.6	15.9	17.0	36.7	51.4	48.0	61.0	66.7	73.5	56.4	84.3	81.4	67.9	66.9	76.9	81.5	69.8	69.3	73.4	70.1	71.8	71.6	78.8	69.7	47.8	33.1	34.6
2025/01/22 20:41:04	82.9	-8.3	-5.3	-2.4	-4.5	-3.0	3.0	14.3	16.2	37.7	54.1	44.2	56.6	66.8	63.8	64.7	85.8	73.5	62.8	70.0	68.5	72.4	77.6	74.9	76.3	77.6	79.2	82.4	91.5	80.3	65.8	46.1	27.3
2025/01/22 20:41:05	88.7	-6.5	-0.9	2.6	-1.1	-1.2	2.4	13.4	30.2	44.4	39.6	56.7	62.2	58.8	64.9	80.6	71.5	66.8	78.6	58.9	79.3	72.1	74.3	71.8	68.8	70.3	71.2	73.0	79.7	69.3	47.6	29.4	26.8
2025/01/22 20:41:06	86.7	-8.1	-3.4	0.7	1.1	2.3	5.8	13.6	25.5	31.7	28.2	56.0	70.4	74.0	64.1	74.7	77.0	65.2	77.5	72.3	76.4	79.2	78.1	70.1	71.6	74.1	73.4	74.6	81.3	70.9	48.8	30.0	27.1
2025/01/22 20:41:07	90.8	-11.9	-6.4	1.2	1.8	-0.8	3.3	11.0	20.9	32.0	46.8	51.2	61.2	68.7	77.3	69.1	74.7	81.6	77.6	74.6	80.0	84.7	76.9	72.8	71.0	71.7	74.1	75.1	82.5	72.0	51.8	31.9	26.8
2025/01/22 20:41:08	100.4	4.2	-0.6	0.6	-1.1	2.1	8.5	16.5	17.0	28.4	49.8	45.3	58.3	67.1	73.0	70.3	83.8	73.6	73.4	70.4	70.7	74.8	77.2	74.3	76.5	78.1	78.6	83.4	91.0	80.7	65.7	45.7	27.1
2025/01/22 20:41:09	89.2	5.4	0.5	4.2	-1.7	-1.2	1.0	12.8	16.4	41.0	45.1	44.2	56.0	59.8	63.2	78.6	68.0	60.1	81.5	61.6	78.4	83.4	73.6	75.6	68.2	67.8	69.4	71.6	79.1	69.1	47.5	29.5	27.0
2025/01/22 20:41:10	79.1	-8.9	-6.9	-6.5	-4.5	-2.3	3.3	11.0	28.7	34.9	43.3	55.2	61.6	71.3	70.5	77.7	71.5	75.4	75.1	63.4	74.6	75.8	71.1	70.9	68.0	69.6	72.5	73.1	79.9	70.2	47.9	29.9	26.7
2025/01/22 20:41:11	89.1	-9.7	-5.5	0.2	-1.7	-0.8	2.8	11.3	20.9	35.4	48.9	52.7	55.6	74.4	62.8	59.7	76.5	62.8	74.2	68.5	70.6	71.4	76.4	68.9	71.3	74.0	74.5	75.9	82.4	70.8	49.9	29.9	26.9
2025/01/22 20:41:12	81.4	-13.2	-8.4	-3.6	-2.6	-0.3	3.6	12.2	17.9	38.6	39.3	50.2	63.0	69.6	72.0	63.2	75.4	80.1	69.7	61.8	70.8	82.2	68.2	66.6	66.3	69.0	71.1	71.2	78.2	68.0	46.1	31.7	29.1
2025/01/22 20:41:13	80.2	-11.1	-6.7	0.2	-1.2	-1.6	3.0	16.8	18.6	39.8	55.6	55.5	62.5	68.4	73.5	58.4	75.4	75.9	68.2	69.3	75.7	78.4	74.8	73.9	77.8	78.7	79.7	83.3	92.0	80.8	65.4	47.0	28.4
2025/01/22 20:41:14	89.7	-7.6	-6.4	-5.1	-6.0	-3.2	2.0	9.0	32.7	35.4	37.2	58.4	55.8	62.8	75.1	80.1	68.7	80.4	77.0	74.4	82.1	76.5	78.0	73.8	72.0	70.8	73.1	73.8	81.0	70.8	51.1	33.0	30.5
2025/01/22 20:41:15	84.4	-11.5	-8.6	-1.6	-3.5	-1.7	3.4	10.5	26.1	33.7	28.8	54.9	62.6	71.4	69.6	76.6	71.4	72.9	72.9	69.0	70.2	74.2	74.1	67.9	70.8	73.7	73.7	74.4	81.3	70.8	49.7	35.2	31.6
2025/01/22 20:41:16	90.1	-4.5	-2.4	4.4	-1.4	-0.5	2.4	18.1	27.4	42.7	49.1	57.1	65.8	69.6	70.8	82.2	72.2	72.8	81.1	67.0	84.5	81.5	79.2	79.8	73.3	72.0	71.1	72.9	78.9	69.2	48.9	33.1	32.0
2025/01/22 20:41:17	100.5	-8.5	-7.2	-0.7	-1.7	-2.0	4.8	12.5	18.1	42.8	44.0	47.8	63.3	70.4	70.1	71.7	76.3	71.7	78.2	72.8	77.4	77.4	78.1	75.3	76.9	78.8	79.5	80.4	90.7	81.3	66.6	47.0	31.0
2025/01/22 20:41:18	88.2	-8.7	-5.9	1.1	2.5	-2.1	0.9	15.6	26.3	43.5	41.8	51.1	65.6	73.8	68.7	77.4	75.8	69.9	80.4	72.3	80.6	84.6	76.8	77.4	67.7	69.3	70.8	73.1	81.3	71.2	52.4	35.5	27.6
2025/01/22 20:41:19	82.2	-13.1	-7.2	4.2	5.5	-2.2	4.4	13.0	17.6	43.6	38.6	54.0	66.3	65.8	69.1	67.4	86.4	74.1	68.9	71.8	70.3	74.8	68.8	68.2	71.0	70.5	72.4	73.1	82.3	70.7	54.5	30.0	27.3
2025/01/22 20:41:20	92.6	6.8	9.7	17.5	15.1	10.5	13.2	18.8	22.6	44.7	48.2	55.6	65.7	69.7	69.9	81.0	75.3	75.1	78.9	70.1	81.5	79.1	79.1	80.3	76.1	75.8	74.5	75.9	83.2	71.7	50.8	30.5	27.8
2025/01/22 20:41:21	86.4	-9.9	-2.6	5.9	5.2	-4.3	4.8	16.0	18.8	33.1	51.8	53.1	61.4	68.4	74.4	77.8	78.6	80.7	76.9	68.7	80.5	83.3	71.9	71.7	69.8	70.4	71.7	71.9	78.9	69.3	47.9	31.3	31.1
2025/01/22 20:41:22	91.9	-15.8	-7.1	3.3	4.3	0.0	6.2	17.9	31.7	31.8	46.1	57.2	58.1	63.8	68.3	66.3	87.6	73.3	69.4	77.3	74.6	76.3	79.4	77.4	78.4	79.1	78.9	82.4	91.4	81.4	66.6	48.6	28.9
2025/01/22 20:41:23	88.4	-13.0	-7.3	5.3	6.4	-1.8	3.9	11.8	32.1	36.5	36.5	60.6	60.2	63.8	71.0	79.7	85.3	71.1	75.1	75.9	78.3	74.7	76.9	78.9	71.6	70.8	70.7	71.6	78.7	67.8	46.9	29.5	27.7
2025/01/22 20:41:24	84.1	-14.9	-4.5	4.6	4.5	-0.8	7.7	16.2	26.8	32.2	28.3	57.3	70.4	71.9	71.4	73.7	76.2	72.7	76.6	73.4	77.8	79.0	74.6	69.1	72.9	75.0	73.3	74.9	80.8	70.3	48.2	29.1	27.3
2025/01/22 20:41:25	91.7	-12.5	-10.3	-0.8	0.5	-2.7	4.8	12.7	27.3	34.8	46.8	56.4	62.2	67.9	76.5	74.6	73.7	81.5	79.4	74.7	82.1	86.1	77.8	76.2	70.7	71.6	73.2	74.7	81.3	71.0	49.4	32.2	32.3
2025/01/22 20:41:26	101.1	-4.9	-5.8	-0.4	-1.9	-0.5	5.5	13.5	18.9	30.9	47.0	53.7	60.2	67.4	70.8	71.6	72.1	83.1	79.2	66.6	77.2	77.0	77.2	74.8	76.8	78.4	79.4	81.7	91.4	81.7	66.9	47.4	42.2
2025/01/22 20:41:27	83.4	-6.5	-5.8	-3.4	-5.7	0.6	7.2	16.5	22.2	41.7	40.1	49.7	56.2	62.7	62.0	60.4	84.7	81.7	68.3	69.8	72.5	71.6	73.0	75.6	68.6	67.6	67.9	69.5	77.1	66.0	45.6	33.0	33.8
2025/01/22 20:41:28	79.8	-12.0	-9.2	-0.8	1.2	0.8	8.4	14.3	30.6	35.6	44.5	57.5	62.7	56.6	66.5	83.1	68.7	65.0	75.7	62.0	77.2	69.4	72.5	73.8	70.5	71.1	73.5	74.9	81.1	71.4	49.9	33.0	31.8
2025/01/22 20:41:29	92.3	-11.5	-7.1	-1.7	-1.9	-0.9	7.0	15.8	21.2	35.8	49.7	51.1	59.7	75.6	70.4	68.1	77.8	76.2	78.4	73.1	77.5	77.2	78.9	71.1	73.1	75.7	75.5	77.5	86.4	75.8	57.2	36.7	30.5
2025/01/22 20:41:30	84.5	-11.9	-12.1	-3.7	-2.5	-1.5	7.6	13.4	31.6	35.3	44.1	58.8	57.7	68.0	73.7	81.0	82.5	74.0	78.9	70.6	79.2	75.5	76.3	77.2	71.2	71.1	72.6	71.7	80.1	68.9	50.5	30.5	27.6
2025/01/22 20:41:31	88.7	-11.7	-7.8	-0.3	0.1	1.0	5.6	15.0	30.5	32.2	35.5	57.9	67.9	68.7	73.2	75.5	77.4	86.0	77.0	73.3	82.8	83.8	77.4	74.2	77.1	77.9	78.6	81.7	90.8	80.2	68.0	46.0	29.6
2025/01/22 20:41:32	88.9	-12.1	-6.8	-0.9	-1.6	0.4	8.8	16.1	26.3	47.7	47.5	46.4	67.0	68.6	71.0	66.6	83.5	82.1	72.8	69.1	80.7	76.5	73.6	70.9	74.6	73.0	75.3	77.3	87.5	76.0	60.8	43.4	29.7
2025/01/22 20:41:33	79.1	-6.2	-5.5	-1.5	-3.2	1.6	11.6	18.7	21.8	39.3	39.0	46.5	58.1	67.2	62.7	65.5	66.7	63.0	65.3	61.7	65.3	66.2	73.9	68.6	70.7	73.4	73.3	75.0	81.5	70.4	49.8	34.2	34.9
2025/01/22 20:41:34	91.3	0.1	0.6	3.4	-1.7	1.6	7.1	13.6	23.0	45.8	50.1	51.1	61.1	71.4	67.0	65.3	80.3	82.4	77.7	69.6	80.8	78.1	75.5	73.3	70.6	71.0	72.9	74.1	82.0	71.3	49.4	31.6	29.6
2025/01/22 20:41:35	100.4	-9.9	-6.8	-3.0	-5.3	-1.1	4.9	10.4	17.2	48.9	48.3	38.6	56.3	76.6	66.5	67.4	75.2	82.6	75.5	70.2	85.5	78.6	77.6	76.6	78.4	79.2	80.0	82.4	90.9	79.0	66.0	47.8	38.2
2025/01/22 20:41:36	85.0	-10.7	-4.8	2.1	2.0	1.2	3.8	13.1	28.3	39.3	43.0	50.4	61.9	70.2	66.8	63.0	72.5	83.0	71.2	63.5	81.3	76.7	67.6	68.7	75.4	69.0	70.9	71.0	79.0	70.4	47.3	30.0	27.1
